7 0 201
7 0 102
6 0 6
3 1 4
4 0 4
3 1 5
4 0 5
1 0 0
4 1 6
3 0 5
1 0 0
2 0 12
8 0 29
3 0 5
2 0 6
8 0 20
3 1 6
3 0 4
2 0 2
4 1 6
1 0 2
3 0 4
2 0 4
4 0 4
3 0 5
1 0 2
2 0 5
4 0 5
7 0 7
2 0 0
7 0 0
6 0 6
3 1 4
4 0 4
3 1 5
4 0 5
1 0 0
4 1 6
3 0 5
1 0 0
2 0 12
8 0 60
3 0 5
2 0 6
8 0 51
3 1 6
3 0 4
2 0 2
4 1 6
1 0 2
3 0 4
2 0 4
4 0 4
3 0 5
1 0 2
2 0 5
4 0 5
7 0 7
2 0 0
6 0 7
3 1 4
4 1 8
1 0 0
4 1 7
3 1 5
4 0 6
3 0 6
3 1 8
2 0 11
8 0 75
1 0 2
3 0 6
2 0 4
4 0 6
7 0 35
3 0 6
3 1 5
2 0 12
8 0 100
1 0 2
3 1 7
2 0 4
4 1 7
3 0 6
1 0 2
2 0 5
4 0 6
3 0 6
3 1 8
2 0 8
8 0 99
3 1 8
3 0 6
2 0 3
4 1 8
3 1 7
1 0 1
2 0 2
4 1 7
7 0 44
2 0 0
7 0 0
6 0 6
3 1 4
4 0 4
3 1 5
4 0 5
1 0 0
4 1 6
3 0 5
1 0 0
2 0 12
8 0 162
3 0 5
2 0 6
8 0 153
3 1 6
3 0 4
2 0 2
4 1 6
1 0 2
3 0 4
2 0 4
4 0 4
3 0 5
1 0 2
2 0 5
4 0 5
7 0 7
2 0 0
6 0 7
3 1 4
4 1 8
1 0 0
4 1 7
3 1 5
4 0 6
3 0 6
3 1 8
2 0 11
8 0 177
1 0 2
3 0 6
2 0 4
4 0 6
7 0 35
3 0 6
3 1 5
2 0 12
8 0 202
1 0 2
3 1 7
2 0 4
4 1 7
3 0 6
1 0 2
2 0 5
4 0 6
3 0 6
3 1 8
2 0 8
8 0 201
3 1 8
3 0 6
2 0 3
4 1 8
3 1 7
1 0 1
2 0 2
4 1 7
7 0 44
2 0 0
6 0 9
3 1 4
4 0 7
3 1 5
4 0 8
3 0 7
3 0 8
2 0 9
8 0 198
3 0 7
3 0 8
2 0 10
8 0 189
3 0 8
3 0 7
2 0 3
4 0 8
3 0 8
3 0 7
2 0 10
8 0 197
3 0 7
3 0 8
2 0 3
4 0 7
7 0 75
3 0 7
4 1 6
2 0 0
6 0 9
1 0 7
4 0 4
1 0 85
4 0 5
5 0 2
1 0 25
4 0 4
1 0 3
4 0 5
5 0 31
1 0 84
4 0 4
1 0 36
4 0 5
5 0 102
2 0 0
